yarn run v1.22.19
$ /home/migue/Projects/advent/day1/node_modules/.bin/ts-node part2.ts
41
83
62
42
64
56
34
65
88
65
75
96
44
29
91
24
88
67
32
56
29
29
27
55
16
21
97
65
46
34
32
56
76
69
32
49
24
16
76
65
64
23
79
31
48
85
16
89
61
48
55
71
94
14
71
44
33
52
67
25
44
21
82
36
54
91
97
22
94
28
69
73
49
99
38
99
33
57
26
51
64
12
23
66
79
88
72
86
55
85
62
24
34
17
15
27
89
74
43
86
47
91
12
92
36
56
52
25
22
95
64
87
35
17
93
42
56
51
84
85
22
33
89
25
48
66
54
62
49
55
61
93
13
23
29
34
69
55
45
24
37
95
74
96
52
35
22
57
95
15
85
23
33
57
54
21
88
52
69
45
42
37
65
29
55
74
57
55
65
26
16
97
94
94
68
83
59
16
22
14
19
28
18
32
43
75
35
66
65
76
34
44
57
96
15
61
28
36
81
17
44
26
89
19
51
23
81
73
73
66
15
61
42
22
91
81
93
53
45
63
51
26
67
74
49
91
85
46
15
13
47
95
62
74
88
72
45
27
11
99
47
42
65
82
98
15
12
99
79
83
73
19
32
68
57
51
43
79
13
77
26
32
39
57
19
87
47
19
26
77
43
72
33
57
81
19
19
11
22
59
69
19
28
27
24
74
57
52
37
97
46
56
79
93
65
84
82
96
46
96
74
71
14
41
84
55
59
24
12
33
47
73
14
56
45
49
72
32
88
28
99
64
26
58
42
17
83
25
79
75
63
61
86
72
67
16
85
87
16
11
44
26
88
24
11
82
66
35
91
39
62
11
22
34
72
13
36
88
46
25
31
31
95
91
72
56
91
43
91
76
34
49
11
68
25
58
55
34
47
53
91
94
32
97
55
77
27
36
55
52
87
46
88
62
54
19
39
37
22
46
11
12
59
63
61
79
79
55
53
82
81
58
46
63
85
88
16
33
43
94
19
34
35
91
43
54
39
15
16
82
29
22
19
93
57
57
34
51
38
62
58
35
17
58
24
18
63
38
89
19
52
21
68
38
48
88
81
65
72
58
25
62
86
63
76
54
65
57
96
12
66
63
84
32
63
81
79
57
75
51
44
29
66
87
94
84
44
41
39
26
91
87
32
32
75
99
29
42
42
85
75
37
81
42
79
55
29
62
71
65
82
31
85
22
25
66
23
12
73
66
15
84
91
56
67
37
88
27
66
75
79
84
14
24
28
59
14
18
66
41
97
86
99
88
88
44
47
65
29
53
55
34
93
51
26
69
84
56
14
28
69
18
92
28
96
27
45
85
33
92
61
73
87
59
62
97
84
43
22
37
45
42
46
19
82
15
73
52
85
17
38
66
48
11
43
31
37
19
15
55
33
86
19
48
14
44
23
81
53
83
34
79
88
44
47
42
18
49
99
33
55
75
86
65
51
37
89
86
13
75
13
99
12
41
88
11
99
68
92
33
24
22
17
55
15
92
26
88
26
68
57
46
66
73
87
64
24
43
98
75
73
48
43
23
72
91
22
78
72
26
11
47
72
39
15
24
44
47
77
21
82
93
29
41
25
66
59
33
88
65
16
45
16
32
98
84
19
23
23
16
32
33
66
11
91
35
81
22
81
12
83
76
25
43
53
58
44
61
33
45
62
32
36
11
25
26
25
79
44
41
87
44
24
38
96
33
46
79
23
84
11
68
59
59
98
13
31
31
12
58
25
26
59
96
15
55
98
63
24
54
77
94
41
65
62
29
48
88
65
44
39
34
92
72
99
52
93
99
66
76
82
59
47
39
44
66
64
27
74
21
88
97
81
19
31
49
48
31
44
69
58
27
39
63
56
13
93
47
93
97
92
62
55
95
42
75
67
31
58
45
58
98
81
28
83
31
82
44
38
18
48
34
71
44
29
28
59
89
42
55
49
18
81
37
55
83
17
72
27
37
84
69
43
97
16
64
37
95
91
48
61
97
29
92
85
45
48
47
48
55
56
63
67
47
24
41
88
12
58
16
51
96
95
72
36
33
66
93
28
18
12
51
16
32
17
72
13
29
54
74
42
39
81
23
66
72
38
63
29
63
42
46
49
12
34
18
41
63
83
88
32
33
17
43
51
14
22
99
73
58
34
87
55
81
14
22
16
46
74
22
74
18
79
33
17
56
27
64
57
71
62
66
77
28
32
36
91
36
88
32
99
49
55
11
11
56
45
84
18
62
11
22
12
92
14
17
33
23
31
28
18
41
18
91
57
93
27
42
81
63
11
32
55
38
31
95
67
66
89
49
NaN
Done in 0.76s.
